0 -56.749916076660156
1 -37.934974670410156
2 -143.5010528564453
3 -0.7350883483886719
4 -42.56474304199219
5 -6.599605560302734
6 -78.46642684936523
7 -28.176456451416016
8 -28.437477111816406
9 -15.54697036743164
10 -47.87060546875
11 -58.57426452636719
12 -38.9041862487793
13 -16.974403381347656
14 -2.21868896484375
15 -11.551410675048828
16 -7.494667053222656
17 -61.00647735595703
18 -28.206012725830078
19 -6.638172149658203
20 -15.950103759765625
21 37.062660217285156
22 19.638755798339844
23 1.3223953247070312
24 -21.934349060058594
25 -155.35459899902344
26 -22.677940368652344
27 -45.74307632446289
28 -151.7579345703125
29 -67.54597473144531
30 -23.593666076660156
31 -89.20812225341797
32 -26.184173583984375
33 -45.33795928955078
34 -209.24839782714844
35 -18.80034637451172
36 -11.849632263183594
37 -31.679244995117188
38 -33.337223052978516
39 -77.71268081665039
40 -38.641212463378906
41 -91.50578308105469
42 -158.17448806762695
43 -69.10102081298828
44 -80.58426666259766
45 -277.03983306884766
46 -196.68519973754883
47 -48.96905517578125
48 5.103370666503906
49 -52.439842224121094
50 -41.65218734741211
51 -25.990829467773438
52 21.615516662597656
53 -100.91048431396484
54 39.99723434448242
55 -39.17329406738281
56 35.90895462036133
57 -259.11951446533203
58 -4.137847900390625
59 -24.650279998779297
60 -269.0659866333008
61 -104.54717636108398
62 -218.23265075683594
63 -118.12244033813477
64 -77.14666652679443
65 -423.8163757324219
66 -23.48826789855957
67 -53.687965393066406
68 -410.1735324859619
69 -151.5408172607422
70 -47.93293762207031
71 -80.27640533447266
72 -5.1411285400390625
73 -83.84494018554688
74 -7.6547393798828125
75 47.39177703857422
76 -100.89456939697266
77 31.17780303955078
78 20.799442291259766
79 -41.81049728393555
80 -51.97809600830078
81 58.17055892944336
82 59.59010696411133
83 55.516188621520996
84 71.95964670181274
85 5.359580993652344
86 37.018911361694336
87 144.8547239303589
88 58.67327117919922
89 66.83527851104736
90 57.660353660583496
91 -2.8655052185058594
92 35.458168029785156
93 7.933322906494141
94 160.80157089233398
95 153.3950777053833
96 8.194408416748047
97 -1.6026229858398438
98 162.91930627822876
99 61.24595260620117
100 75.10454654693604
101 34.44348335266113
102 169.03481769561768
103 45.03116226196289
104 48.79868745803833
105 17.718093872070312
106 11.06961441040039
107 48.01095390319824
108 56.09097075462341
109 28.31226348876953
110 27.220558166503906
111 5.7482757568359375
112 16.933982849121094
113 53.027979612350464
114 57.331969261169434
115 10.216358184814453
116 62.849687933921814
117 44.94947814941406
118 37.03494644165039
119 58.011600971221924
120 70.87154746055603
121 75.26981949806213
122 14.211483001708984
123 36.213462829589844
124 -1.7573509216308594
125 1.558349609375
126 57.729997634887695
127 49.06458568572998
128 60.51983880996704
129 30.703306198120117
130 30.229103088378906
131 34.64829063415527
132 5.650093078613281
133 17.542505264282227
134 52.494457721710205
135 17.63103485107422
136 12.467536926269531
137 5.663665771484375
138 27.71373748779297
139 32.51967430114746
140 45.685882568359375
141 5.435791015625
142 -61.45783615112305
143 -68.37882995605469
144 -1.2171173095703125
145 -12.087692260742188
146 -0.26251983642578125
147 -24.134662628173828
148 -166.56690216064453
149 -66.29411697387695
150 -66.65359497070312
151 -23.479507446289062
152 -9.654998779296875
153 -8.162715911865234
154 -239.66905212402344
155 -239.11811065673828
156 -31.85310935974121
157 -31.56102752685547
158 -91.27377510070801
159 -65.51033020019531
160 -140.33461380004883
161 -204.00376892089844
162 -17.087051391601562
163 -3.1816482543945312
164 -7.72607421875
165 -59.02812576293945
166 -258.0339126586914
167 -69.83880233764648
168 -54.29730224609375
169 -6.2207794189453125
170 -44.74319839477539
171 -247.2369155883789
172 -39.60515213012695
173 -51.91783142089844
174 -167.8677101135254
175 -75.9887809753418
176 -48.844120025634766
177 -149.2491455078125
178 -84.36128234863281
179 -122.02168273925781
180 -15.926288604736328
181 -43.41282653808594
182 -25.980724334716797
183 -25.97222900390625
184 -221.82110214233398
185 -33.97023010253906
186 -56.10184860229492
187 -72.10964965820312
188 -58.404632568359375
189 -4.495731353759766
190 -3.619049072265625
191 -20.397361755371094
192 -40.22163391113281
193 -29.043312072753906
194 -104.33197784423828
195 -35.372501373291016
196 -44.47191619873047
197 -9.463882446289062
198 -53.60344696044922
199 -5.099639892578125
200 -56.95930480957031
201 -23.35010528564453
202 -193.8415985107422
203 -22.47254180908203
204 -65.29348754882812
205 -68.6512451171875
206 -42.651058197021484
207 -26.449913024902344
208 -17.277904510498047
209 -48.839599609375
210 -39.80980682373047
211 -37.30307388305664
212 -25.566577911376953
213 -179.375244140625
214 -19.726402282714844
215 -3.9553070068359375
216 -122.01253509521484
217 -50.50425720214844
218 -20.843475341796875
219 -18.154796600341797
220 -6.623119354248047
221 -108.65680694580078
222 -3.3233747482299805
223 -9.71258544921875
224 -61.467529296875
225 -86.90142059326172
226 -22.12761688232422
227 -51.748985290527344
228 -13.746788024902344
229 -20.054428100585938
230 -30.43250274658203
231 36.93096923828125
232 -55.32642364501953
233 -53.11347961425781
234 -20.72069549560547
235 -12.405494689941406
236 -16.60456085205078
237 -113.8249282836914
238 -15.140975952148438
239 -44.59461975097656
240 -49.15767288208008
241 -267.3878746032715
242 -303.23790740966797
243 -221.3151397705078
244 -22.774185180664062
245 -18.681419372558594
246 -40.36515808105469
247 -25.63080596923828
248 -6.566719055175781
249 -11.719551086425781
250 -6.117785453796387
251 -18.486297607421875
252 -29.1461181640625
253 -13.598197937011719
254 -4.253742218017578
255 -18.61412811279297
256 -27.820587158203125
257 -42.49183654785156
258 -54.77482223510742
259 -76.33545303344727
260 -8.007308959960938
261 -2.7205467224121094
262 -3.406301498413086
263 -0.13336181640625
264 1.3439712524414062
265 -1.233551025390625
266 -0.1676025390625
267 4.780860900878906
268 6.347114562988281
269 -10.798759460449219
270 -14.947288513183594
271 -0.0005035400390625
272 -10.510482788085938
273 -9.115524291992188
274 -11.822135925292969
275 -9.663642883300781
276 -7.060066223144531
277 -11.152393341064453
278 -9.0657958984375
279 -3.335881233215332
280 0.47269439697265625
281 -8.046958923339844
282 -36.9971923828125
283 -7.841670989990234
284 -97.07768249511719
285 6.577381134033203
286 -19.660430908203125
287 -26.096710205078125
288 -1.3351058959960938
289 -52.60588073730469
290 -17.755943298339844
291 -66.37065505981445
292 -69.59757995605469
293 -6.246368408203125
294 -44.168983459472656
295 -69.21233367919922
296 8.763198852539062
297 -8.251537322998047
298 -98.06690216064453
299 -45.15474319458008
300 -25.419540405273438
301 -50.75126647949219
302 -77.75538635253906
