0 10.855644226074219
1 10.558753967285156
2 29.63555908203125
3 14.719829559326172
4 24.76246452331543
5 -76.90769577026367
6 59.944613456726074
7 -11.29104995727539
8 -18.24840545654297
9 2.2960243225097656
10 -0.17234039306640625
11 10.578086853027344
12 -20.70224380493164
13 8.393489837646484
14 18.107688903808594
15 23.242961883544922
16 -5.736660003662109
17 -15.479778289794922
18 -7.378746032714844
19 0.19102001190185547
20 -18.914981842041016
21 -11.599960327148438
22 18.591339111328125
23 -20.427101135253906
24 -2.0677719116210938
25 -14.645526885986328
26 -25.987892150878906
27 23.479305267333984
28 -6.3435821533203125
29 -9.291603088378906
30 8.040191650390625
31 -2.545452117919922
32 8.401466369628906
33 13.960384368896484
34 3.33514404296875
35 -19.210430145263672
36 6.207252502441406
37 -19.78085708618164
38 -33.8438835144043
39 -39.309349060058594
40 16.819992065429688
41 -28.523789405822754
42 -16.914691925048828
43 -24.0048828125
44 8.418869018554688
45 -5.8333892822265625
46 1.8881759643554688
47 -31.127249717712402
48 -3.9749984741210938
49 30.001522064208984
50 17.689212799072266
51 -11.993949890136719
52 -7.236518859863281
53 7.393310546875
54 146.986083984375
55 14.237800598144531
56 -69.11627960205078
57 -34.50074005126953
58 1.406768798828125
59 -9.300323486328125
60 33.9773063659668
61 -13.879127502441406
62 -17.245872497558594
63 9.796382904052734
64 -17.72662353515625
65 -4.264259338378906
66 -4.99334716796875
67 -1.4240646362304688
68 -1.620086669921875
69 13.241798400878906
70 55.95028495788574
71 20.634185791015625
72 -18.68893814086914
73 -11.572029113769531
74 22.39400863647461
75 -23.795692443847656
76 -19.40362548828125
77 42.47731399536133
78 -1.3885269165039062
79 -40.120896339416504
80 -1.6811676025390625
81 -6.441841125488281
82 -9.930305480957031
83 -8.481819152832031
84 -21.100650787353516
85 18.345104217529297
86 14.21718978881836
87 -36.50426483154297
88 -2.2626380920410156
89 -10.022052764892578
90 -26.22313690185547
91 -37.16981506347656
92 2.992198944091797
93 -2.778278350830078
94 1.7768325805664062
95 -2.287914276123047
96 0.22855377197265625
97 11.054141998291016
98 6.3759918212890625
99 -27.36754608154297
100 -2.120838165283203
101 -30.42575454711914
102 -12.645942687988281
103 19.793415069580078
104 -7.152717590332031
105 2.4604415893554688
106 -19.504528045654297
107 -8.977699279785156
108 -1.7265129089355469
109 -8.650093078613281
110 -1.3525238037109375
111 -0.4994163513183594
112 2.7907638549804688
113 -4.185455322265625
114 21.213314056396484
115 -1.4089012145996094
116 2.1263351440429688
117 32.50046157836914
118 0.19101333618164062
119 -14.563514709472656
120 18.500892639160156
121 -26.298749923706055
122 67.39460945129395
123 -38.55814743041992
124 47.70252990722656
125 -30.444137573242188
126 -7.240978240966797
127 2.3047475814819336
128 -42.07587432861328
129 15.190109252929688
130 -19.974510192871094
131 3.8511581420898438
132 21.227210998535156
133 -21.957847595214844
134 -8.353595733642578
135 -18.12200164794922
136 1.3041229248046875
137 -26.35123062133789
138 6.41583251953125
139 -2.493000030517578
140 13.87518310546875
141 -15.683533668518066
142 6.046333312988281
143 -6.845314025878906
144 19.44237518310547
145 -24.840545654296875
146 19.67812728881836
147 -8.500267028808594
148 -8.038497924804688
149 -20.46759605407715
150 1.9658432006835938
151 -6.558891296386719
152 17.52114486694336
153 0.0791168212890625
154 -4.0908355712890625
155 -5.263767242431641
156 -10.218269348144531
157 -1.0244598388671875
158 -6.820869445800781
159 -27.943260192871094
160 1.2495155334472656
161 1.9612655639648438
162 1.3165855407714844
163 -4.783115386962891
164 -4.505301475524902
165 31.841537475585938
166 -4.0898895263671875
167 7.61737060546875
168 15.858516693115234
169 12.8995361328125
170 13.204322814941406
171 -40.91796875
172 -2.645249366760254
173 19.398883819580078
174 -2.85693359375
175 -19.19182586669922
176 -62.30506896972656
177 1.4497604370117188
178 -32.113739013671875
179 5.7437744140625
180 1.4271163940429688
181 37.0447998046875
182 7.564292907714844
183 9.147289276123047
184 -3.776299476623535
185 -18.723087310791016
186 19.773117065429688
187 33.45900344848633
188 -18.311908721923828
189 -8.041210174560547
190 19.64834213256836
191 -20.492324829101562
192 10.824577331542969
193 -18.640953063964844
194 -39.27360916137695
195 -27.961769104003906
196 12.065971374511719
197 -1.2131805419921875
198 44.617340087890625
199 3.0308685302734375
200 -3.6936874389648438
201 -2.987518310546875
202 -38.36639404296875
203 -5.849220275878906
204 -10.612106323242188
205 -0.9777297973632812
206 -0.6432647705078125
207 -8.189300537109375
208 33.97911834716797
209 1.4076385498046875
210 29.571563720703125
