0 30.7914981842041
1 -40.47690200805664
2 -46.89173889160156
3 -33.06219482421875
4 -62.18864154815674
5 -41.540496826171875
6 -23.9627685546875
7 -31.274150848388672
8 -64.04640197753906
9 -11.062313079833984
10 -1.7366104125976562
11 -69.4002914428711
12 -157.44223880767822
13 -21.520042419433594
14 -117.7726058959961
15 -131.54825592041016
16 -101.05029296875
17 -35.39665222167969
18 -67.0009937286377
19 -9.112640380859375
20 -105.24310302734375
21 -209.5761489868164
22 -108.4045639038086
23 -52.27708053588867
24 -2.20538330078125
25 -328.01429748535156
26 -38.48190784454346
27 -368.78868103027344
28 -487.24583435058594
29 -19.255779266357422
30 -63.7039680480957
31 -167.37451171875
32 -3.4531326293945312
33 -50.35960388183594
34 -59.45347595214844
35 -246.33135223388672
36 -50.281883239746094
37 -102.9659423828125
38 -2.2925262451171875
39 -5.101808547973633
40 -3.5926132202148438
41 -70.44379425048828
42 -12.412574768066406
43 -102.68567657470703
44 -212.68692016601562
45 -14.28940200805664
46 -20.75906753540039
47 -8.108673095703125
48 -43.99736785888672
49 -95.8545913696289
50 -26.997230529785156
51 -77.12413787841797
52 -24.3619384765625
53 -15.506301879882812
54 -132.6139373779297
55 -19.544021606445312
56 -16.753589630126953
57 -32.67569923400879
58 -42.13481903076172
59 -43.615806579589844
60 -11.662551879882812
61 -177.6772918701172
62 -91.67981719970703
63 -18.75008773803711
