0 -70.4339828491211
1 -15.362556457519531
2 5.738929748535156
3 47.737762451171875
4 -3.8193702697753906
5 12.810924530029297
6 5.001213073730469
7 -14.771198272705078
8 -77.76679992675781
9 -3.828704833984375
10 -189.86131286621094
11 -49.79875564575195
12 -33.315513610839844
13 -2.5871963500976562
14 -0.35986328125
15 -20.002822875976562
16 -45.318763732910156
17 -38.45939636230469
18 -27.544925689697266
19 -25.448402404785156
20 -8.425086975097656
21 -67.8041000366211
22 -0.7870864868164062
23 -19.093425750732422
24 26.557113647460938
25 8.708545684814453
26 -44.964393615722656
27 -217.3913688659668
28 -11.8062744140625
29 -16.55335235595703
30 11.062545776367188
31 -26.592777252197266
32 -49.018890380859375
33 -10.609840393066406
34 17.659137725830078
35 -31.085514068603516
36 -70.96904373168945
37 38.95221519470215
38 -6.2608795166015625
39 -13.659133911132812
40 -36.46941375732422
41 14.965141296386719
42 -15.997458457946777
43 -34.4008903503418
44 47.33738327026367
45 54.43758201599121
46 -37.2685661315918
47 -25.563865661621094
48 11.231555938720703
49 -34.76380920410156
50 -95.8576431274414
51 4.435356140136719
52 -26.8176212310791
53 28.370519638061523
54 38.0734920501709
55 35.35198211669922
56 40.58139228820801
57 -62.529273986816406
58 18.588504791259766
59 12.788307189941406
60 52.46798229217529
61 -93.01050186157227
62 34.8790283203125
63 -26.454551696777344
64 -16.308120727539062
65 -12.045509338378906
66 -34.840877532958984
67 -36.438785552978516
68 -15.032947540283203
69 -109.54704666137695
70 -2.2996444702148438
71 -47.43743133544922
72 -103.901291847229
73 -79.04726791381836
74 22.61538314819336
75 -157.23554611206055
76 50.83450508117676
77 3.2207183837890625
78 15.404926300048828
79 49.05577087402344
80 -88.67355346679688
81 -9.292961120605469
82 -16.05847930908203
83 -59.194129943847656
84 -5.935111999511719
85 -23.55181121826172
86 -35.58488464355469
87 -5.600341796875
88 -20.891353607177734
89 42.25372314453125
90 -24.770801544189453
91 -74.58843231201172
92 10.910598754882812
93 -19.744789123535156
94 -94.34746551513672
95 -12.591270446777344
96 0.9493293762207031
97 -163.87621307373047
98 62.649024963378906
99 -21.318161010742188
100 -11.494430541992188
101 1.6118545532226562
102 -15.680000305175781
103 6.776092529296875
104 27.21041488647461
105 15.739082336425781
106 -4.5039215087890625
107 39.4871711730957
108 -19.615718841552734
109 -24.041973114013672
110 -4.934391021728516
111 -6.24569034576416
112 54.48193550109863
113 -4.467842102050781
114 -30.96446990966797
115 20.288345336914062
116 67.89865446090698
117 0.6388282775878906
118 -14.734977722167969
119 47.54789161682129
120 31.32706069946289
121 5.527675628662109
122 -42.487998962402344
123 10.43865966796875
124 6.365596771240234
125 55.20401096343994
126 59.877716064453125
127 22.18921661376953
128 56.64542293548584
129 76.9016489982605
130 50.14651441574097
131 9.453628540039062
132 162.76811027526855
133 16.3154296875
134 33.529754638671875
135 1.6698760986328125
136 -11.846660614013672
137 36.02411651611328
138 71.38112831115723
139 19.362640380859375
140 38.19640350341797
141 15.578475952148438
142 22.046005249023438
143 4.599700927734375
144 35.394683837890625
145 9.363395690917969
146 4.908012390136719
147 7.032829284667969
148 55.04922676086426
149 22.382511138916016
150 -0.06774139404296875
151 49.782814025878906
152 -3.4601516723632812
153 -3.0307769775390625
154 -5.619712829589844
155 13.007610321044922
156 -28.169723510742188
157 32.751495361328125
158 -3.1655349731445312
159 36.64047050476074
160 -55.20207214355469
161 3.7350683212280273
162 51.227529525756836
163 32.37993240356445
164 17.365524291992188
165 56.40331840515137
166 5.379439353942871
167 10.635929107666016
168 32.00140380859375
169 43.70041847229004
170 10.510863304138184
171 71.66251802444458
172 145.27930736541748
173 3.8506736755371094
174 33.1978759765625
175 58.26125764846802
176 2.1393203735351562
177 44.552574634552
178 11.379138946533203
179 0.7993087768554688
180 19.783977508544922
181 1.8386917114257812
182 50.38876724243164
183 52.251596450805664
184 38.91003608703613
185 49.80591583251953
186 51.24760150909424
187 154.22044944763184
188 35.65857696533203
189 27.36568832397461
190 35.81480026245117
191 167.01358222961426
192 24.457225799560547
193 49.55781555175781
194 3.372509002685547
195 46.66031837463379
196 59.344417095184326
197 33.822662353515625
198 44.046597480773926
199 24.25335121154785
