0 97.00448226928711
1 46.50019073486328
2 76.7818832397461
3 22.927345275878906
4 43.75961685180664
5 59.27598571777344
6 33.318729400634766
7 19.5047607421875
8 60.030662536621094
9 148.47119903564453
10 58.33366012573242
11 -6.568902969360352
12 72.38904571533203
13 39.8566780090332
14 10.138908386230469
15 32.339698791503906
16 0.2789764404296875
17 46.23439025878906
18 -4.049003601074219
19 27.87616729736328
20 4.72406005859375
21 159.75687408447266
22 0.27700042724609375
23 74.47072982788086
24 9.609111785888672
25 190.91114044189453
26 240.00332641601562
27 51.82926559448242
28 11.94512939453125
29 -46.64493751525879
30 15.418159484863281
31 37.077030181884766
32 50.95856475830078
33 57.454734802246094
34 61.12897491455078
35 7.554695129394531
36 -1.2907257080078125
37 1.6590118408203125
38 81.78097534179688
39 81.83307647705078
40 48.59497833251953
41 119.89254379272461
42 30.589431762695312
43 -1.9674148559570312
44 50.181427001953125
45 478.1023941040039
46 78.78472137451172
47 314.86124420166016
48 13.264793395996094
49 106.58495330810547
50 104.68783569335938
51 11.848777770996094
52 35.78187561035156
53 42.04547119140625
54 193.61014556884766
55 4.5269012451171875
56 -2.395416259765625
57 71.7849235534668
58 10.405326843261719
59 30.06060791015625
60 147.60226821899414
61 378.2158508300781
62 -3.6672210693359375
63 49.9576416015625
64 6.472003936767578
65 1.1356010437011719
66 83.48612213134766
67 4.283290863037109
68 27.323692321777344
69 21.0859375
70 26.429473876953125
71 15.996009826660156
72 11.459983825683594
73 48.13301467895508
74 32.1490364074707
75 10.760757446289062
76 10.708724975585938
77 1.7117729187011719
78 15.262031555175781
79 47.5447998046875
80 19.403348922729492
81 4.793735504150391
82 -5.9830169677734375
83 0.5899581909179688
84 -1.3327102661132812
85 -1.7576637268066406
86 12.270793914794922
87 3.1471328735351562
88 223.43825149536133
89 10.880348205566406
90 48.77647018432617
91 10.735450744628906
92 25.329814910888672
93 11.176162719726562
94 1.6633872985839844
95 18.281600952148438
96 10.662284851074219
97 0.24744033813476562
98 -2.8919219970703125
99 -0.6794815063476562
100 -0.22325897216796875
101 22.29010009765625
102 11.22812271118164
103 0.23090362548828125
104 6.324851989746094
105 -12.82888412475586
106 31.351898193359375
107 3.808807373046875
108 -6.9627685546875
109 345.2637596130371
110 568.7906875610352
111 42.97707748413086
112 13.176300048828125
113 2.3579864501953125
114 -5.676025390625
115 -4.7672882080078125
116 -0.4616050720214844
117 5.906108856201172
118 -2.3249664306640625
119 10.342636108398438
120 22.68871307373047
121 34.87568664550781
122 55.525917053222656
123 579.4017791748047
124 11.244071960449219
125 413.7439651489258
126 4.817359924316406
127 5.296012878417969
128 99.20924377441406
129 11.549270629882812
130 613.1050987243652
131 0.120208740234375
132 540.8770751953125
