0 -41.4803581237793
1 18.71114730834961
2 35.37888717651367
3 -55.76276397705078
4 -3.71954345703125
5 24.96591567993164
6 2.1878204345703125
7 -3.01739501953125
8 38.673866271972656
9 -20.851524353027344
10 -13.701118469238281
11 42.68826103210449
12 9.612480163574219
13 27.918060302734375
14 51.771292209625244
15 -11.07989501953125
16 -38.178619384765625
17 15.610595703125
18 -52.15938949584961
19 -33.39812469482422
20 -50.856693267822266
21 71.29891347885132
22 23.178190231323242
23 26.53655242919922
24 16.582622528076172
25 49.82665252685547
26 68.39142608642578
27 50.12867450714111
28 38.6774959564209
29 26.754032135009766
30 31.60095977783203
31 5.919834136962891
32 42.247660636901855
33 -1.802978515625
34 14.580570220947266
35 20.130695343017578
36 57.922598361968994
37 42.75897789001465
38 31.787357330322266
39 46.323974609375
40 140.2651309967041
41 10.424446105957031
42 148.8017749786377
43 5.655157089233398
44 21.85635757446289
45 27.566326141357422
46 3.3259506225585938
47 30.712146759033203
48 2.6583633422851562
49 18.801246643066406
50 43.73801231384277
51 20.463272094726562
52 64.45956468582153
53 27.317047119140625
54 21.279874801635742
55 37.65090560913086
56 -19.707805633544922
57 45.949403285980225
58 49.01374912261963
59 39.148685455322266
60 2.5919570922851562
61 175.75438499450684
62 12.769798278808594
63 52.171685218811035
64 30.332975387573242
65 67.46689701080322
66 9.180747985839844
67 19.643726348876953
68 41.81647300720215
69 35.258628845214844
70 70.39208126068115
71 3.5554771423339844
72 11.796173095703125
73 61.984880447387695
74 48.841078758239746
75 6.554668426513672
76 52.97681713104248
77 48.56269931793213
78 24.93112564086914
79 65.95370817184448
80 59.354652404785156
81 33.53055191040039
82 51.6082763671875
83 27.310787200927734
84 4.801948547363281
85 48.01136779785156
86 14.389366149902344
87 1.0661888122558594
88 34.39704513549805
89 20.056350708007812
90 62.97988033294678
91 48.966575622558594
92 48.85556411743164
93 12.88397216796875
94 56.77377986907959
95 58.27771472930908
96 8.712089538574219
97 25.792797088623047
98 71.99675750732422
99 15.666873931884766
100 63.66595458984375
101 52.54499435424805
102 6.8002166748046875
103 8.396859526634216
104 73.09523153305054
105 41.50309753417969
106 2.6408119201660156
107 19.282928466796875
108 26.095539093017578
109 39.47476768493652
110 44.5662956237793
111 59.896108746528625
112 48.017205238342285
113 3.400054931640625
114 173.91233253479004
115 23.891353607177734
116 14.343441009521484
117 -11.304363250732422
118 11.555641174316406
119 -3.025775909423828
120 36.75075721740723
121 -7.976112365722656
122 0.7124481201171875
123 6.176094055175781
124 51.28468894958496
125 75.88892388343811
126 47.47414065897465
127 18.261356353759766
128 50.95937538146973
129 49.218706130981445
130 37.91182613372803
131 64.11737537384033
132 7.891147613525391
133 22.8607177734375
134 69.96478867530823
135 46.405795097351074
136 20.436128616333008
137 44.05979084968567
138 53.026750564575195
139 63.173587799072266
140 3.517157554626465
141 47.579163789749146
142 5.110328674316406
143 40.54990005493164
144 74.11734628677368
145 0.026073455810546875
146 26.340789794921875
147 46.986324310302734
148 8.478045463562012
149 64.46695327758789
150 36.09467697143555
151 47.437787771224976
152 75.77102398872375
153 66.59765863418579
154 3.6135902404785156
155 45.82133102416992
156 11.741661071777344
157 6.833828449249268
158 42.10914993286133
159 25.255779266357422
160 23.864707946777344
161 4.686805725097656
162 2.2495155334472656
163 13.958137512207031
164 36.361228942871094
165 50.99427604675293
166 13.336280822753906
167 14.52395248413086
168 30.98397445678711
169 6.354473114013672
170 18.148906707763672
171 23.02712631225586
172 7.416713714599609
173 58.00624370574951
174 -9.946590423583984
175 28.024629592895508
176 62.76909828186035
177 8.187320709228516
178 52.559200286865234
179 34.21394157409668
180 57.47052001953125
181 6.41698694229126
182 42.62607026100159
183 68.75838494300842
184 28.574119567871094
185 72.49611473083496
186 62.77490544319153
187 36.757463455200195
188 22.839462280273438
189 53.00872802734375
190 24.01791763305664
191 13.116981506347656
192 7.484676361083984
193 42.674861907958984
194 -2.8752899169921875
195 65.71235656738281
196 23.49793243408203
197 12.240310668945312
198 -0.7006607055664062
199 37.505001068115234
200 62.641003370285034
201 51.975799560546875
202 71.20300388336182
203 6.590972900390625
204 149.2133560180664
205 -14.458934783935547
206 21.077964782714844
207 69.31536197662354
208 -6.0205078125
209 45.824612617492676
210 13.42319107055664
211 163.4587059020996
212 55.63839530944824
213 49.750380516052246
214 14.065101623535156
