0 32.03430938720703
1 -31.401992797851562
2 49.906944274902344
3 14.332443237304688
4 -37.26475143432617
5 -17.75894546508789
6 14.36398696899414
7 -16.951385498046875
8 -24.886661529541016
9 -2.5862884521484375
10 -29.975231170654297
11 11.577083587646484
12 -17.8182373046875
13 -18.057781219482422
14 -19.004413604736328
15 -29.997756958007812
16 45.97039604187012
17 -151.2237548828125
18 -29.476341247558594
19 -26.358890533447266
20 -2.4813995361328125
21 -44.09561538696289
22 -25.272655487060547
23 -36.43938446044922
24 -32.54824447631836
25 -3.2245521545410156
26 -25.460514068603516
27 22.15218734741211
28 16.49958038330078
29 -20.2574462890625
30 -40.50028991699219
31 -28.530242919921875
32 -0.5850067138671875
33 -1.1400909423828125
34 -48.188392639160156
35 -79.14580535888672
36 -2.0236778259277344
37 -79.68014526367188
38 -60.64987564086914
39 -1.8618850708007812
40 -22.747047424316406
41 -42.970680236816406
42 2.6623382568359375
43 -149.63091278076172
44 -45.09697341918945
45 -69.74089050292969
46 -2.5382232666015625
47 -19.152252197265625
48 -54.06047439575195
49 -46.733909606933594
50 -18.69971466064453
51 -199.2629508972168
52 -8.474884033203125
53 -32.39329528808594
54 -8.298572540283203
55 -57.30867004394531
56 -6.011482238769531
57 12.021873474121094
58 -37.62835693359375
59 -11.720710754394531
60 -19.441322326660156
61 -6.860496520996094
62 -4.335643768310547
63 -19.97119140625
64 -24.918983459472656
65 -46.84028625488281
66 -26.936622619628906
67 -20.072853088378906
68 -25.400962829589844
69 -28.665786743164062
70 -21.258026123046875
71 -42.67927551269531
72 -0.7480239868164062
73 -20.039936065673828
74 -21.785476684570312
75 0.0593719482421875
76 -10.84213638305664
77 -23.01089859008789
78 -15.976627349853516
79 -28.427947998046875
80 -8.30596923828125
81 -4.23150634765625
82 -26.239089965820312
83 -0.5108413696289062
84 -0.4725685119628906
85 -25.12598419189453
86 -32.94927978515625
87 -10.390201568603516
88 0.0
89 -7.399833679199219
90 -19.329269409179688
91 -24.81881332397461
92 -34.060665130615234
93 -18.72118377685547
94 -37.723785400390625
95 -29.033485412597656
96 -13.186141967773438
97 -40.29314422607422
98 -31.788719177246094
99 -0.27942657470703125
100 -7.5317888259887695
101 -23.027420043945312
102 -31.86681365966797
103 -17.118621826171875
104 -22.174720764160156
105 -18.903778076171875
106 -1.12939453125
107 -33.067596435546875
108 -30.242515563964844
109 0.413238525390625
110 -24.916427612304688
111 -28.181087493896484
112 -19.289260864257812
113 -23.7833251953125
114 -26.231353759765625
115 -0.21120452880859375
116 -27.83924102783203
117 -24.276344299316406
118 -46.43382263183594
119 -19.87137222290039
120 -17.81542205810547
121 -20.04175567626953
122 -22.588890075683594
123 -16.09090805053711
124 -24.937782287597656
125 -18.710305213928223
126 -23.902442932128906
127 -8.322868347167969
128 -7.72747802734375
129 -30.338424682617188
130 -24.132774353027344
131 -5.020538330078125
132 -12.933662414550781
133 -17.89527130126953
134 -21.912006378173828
135 -24.759262084960938
136 -0.25205230712890625
137 -30.00643539428711
138 -12.987541198730469
139 -15.051490783691406
140 -15.494789123535156
141 -18.641311645507812
142 -17.566436767578125
143 -15.791683197021484
144 -22.912315368652344
145 -38.223915100097656
146 -0.24896240234375
147 -35.268402099609375
148 -17.16266632080078
149 -29.75992202758789
150 -2.5845260620117188
151 -1.1872940063476562
152 -11.574161529541016
153 -25.603012084960938
154 -12.519935607910156
155 -15.277320861816406
156 -20.455902099609375
157 -25.232921600341797
158 -26.862804412841797
