0 -173.7563934326172
1 38.28923988342285
2 143.9452610015869
3 147.0757532119751
4 44.67684364318848
5 50.42918395996094
6 155.20161724090576
7 7.679954528808594
8 -137.61054229736328
9 -1.0596694946289062
10 31.399845123291016
11 -107.10225677490234
12 -3.416412353515625
13 23.464214324951172
14 -29.88153076171875
15 -108.93376159667969
16 20.843189239501953
17 32.533267974853516
18 -14.411590576171875
19 -24.910110473632812
20 25.752281188964844
21 -106.53489303588867
22 53.92684745788574
23 24.747562408447266
24 -7.544151306152344
25 -3.5290145874023438
26 20.499465942382812
27 -72.8162612915039
28 53.44354248046875
29 -3.843170166015625
30 22.94280242919922
31 -21.726478576660156
32 52.195350646972656
33 151.66040325164795
34 -13.186789512634277
35 3.0012474060058594
36 56.422722816467285
37 9.041069030761719
38 58.76681327819824
39 -73.72505187988281
40 19.655513763427734
41 2.5174102783203125
42 2.485271453857422
43 74.07444047927856
44 7.242473602294922
45 33.21922492980957
46 53.344045639038086
47 57.63337802886963
48 61.41023635864258
49 18.5548095703125
50 31.982044219970703
51 36.13846969604492
52 4.8190460205078125
53 58.964059829711914
54 14.934627532958984
55 53.93486022949219
56 -0.8337602615356445
57 -12.845123291015625
58 37.98042297363281
59 42.89651870727539
60 34.99924850463867
61 62.54117393493652
62 5.625904083251953
63 8.455787658691406
64 52.792691230773926
65 -19.646419525146484
66 15.2288818359375
67 33.72316932678223
68 45.158668518066406
69 23.516902923583984
70 10.192649841308594
71 66.26166129112244
72 29.241992950439453
73 39.16772651672363
74 45.53231239318848
75 12.158287048339844
76 15.917976379394531
77 6.225433349609375
78 7.865997314453125
79 62.65890407562256
80 57.02114820480347
81 61.82416820526123
82 12.06423568725586
83 49.35559558868408
84 49.537811279296875
85 59.07564353942871
86 -37.145042419433594
87 9.675247192382812
88 -36.20488739013672
89 44.47745132446289
90 7.698272705078125
91 12.059581756591797
92 164.46180248260498
93 -13.439008712768555
94 28.093082427978516
95 35.731454849243164
96 -0.06993484497070312
97 56.786197662353516
98 -19.178104400634766
99 55.517887592315674
100 10.83676528930664
101 62.058812379837036
102 47.03863525390625
103 7.166618347167969
104 54.37091255187988
105 52.18653678894043
106 25.045944213867188
107 -52.27235412597656
108 45.187808990478516
109 -6.9193878173828125
110 56.8690242767334
111 20.59813690185547
112 14.088825225830078
113 30.58049201965332
114 2.8914794921875
115 28.625991821289062
116 40.28187942504883
117 1.0709915161132812
118 48.964688301086426
119 -3.7489471435546875
120 70.40338897705078
121 75.85241508483887
122 29.13650894165039
123 55.042795181274414
124 26.02544403076172
125 7.443119049072266
126 13.8035888671875
127 -8.939476013183594
128 45.4319109916687
129 -9.331687927246094
130 -17.899852752685547
131 15.287822723388672
132 34.501136779785156
133 14.617973327636719
134 -152.00500869750977
135 16.491302490234375
136 -18.76786518096924
137 43.5929012298584
138 57.37232780456543
139 60.31915521621704
140 35.26577186584473
141 51.26004600524902
142 61.92966270446777
143 1.211761474609375
144 64.53949165344238
145 35.27695274353027
146 -2.9311676025390625
147 48.02181434631348
148 41.08716678619385
149 61.61411952972412
150 40.074588775634766
151 34.448143005371094
152 -10.621513366699219
153 56.50868797302246
154 51.26249694824219
155 32.41175079345703
156 60.52083206176758
157 68.07913064956665
158 7.249876499176025
159 6.333367824554443
160 70.4535140991211
161 2.5431861877441406
162 49.03050994873047
163 32.00368881225586
164 30.098058700561523
165 56.14684867858887
166 2.553955078125
167 28.69537925720215
168 12.277912139892578
169 169.9794144630432
170 41.77042770385742
171 54.67505168914795
172 66.480309009552
173 13.189826965332031
174 139.11904525756836
175 39.008705139160156
176 2.3320465087890625
177 51.16660976409912
178 63.576053619384766
179 32.81734275817871
180 53.93811225891113
181 31.26289939880371
182 0.3507366180419922
183 12.559703826904297
184 20.86681365966797
185 153.5216989517212
186 36.59390830993652
187 15.33675765991211
188 28.725677490234375
189 35.43090629577637
190 -0.4763755798339844
191 41.26983833312988
192 46.24286079406738
193 23.099964141845703
194 75.94151210784912
195 32.487356185913086
196 64.18338394165039
197 9.114673614501953
198 19.53618621826172
199 159.95059823989868
200 58.56117630004883
201 156.67770099639893
202 26.112064361572266
203 7.349617004394531
204 8.41813850402832
205 48.687623023986816
206 46.01763606071472
207 48.51410102844238
208 7.80823278427124
209 62.215290546417236
210 18.16048812866211
211 49.30976486206055
212 78.48016786575317
213 29.703109741210938
214 -16.84814453125
215 55.29656219482422
216 5.636478424072266
217 -30.83187484741211
218 36.48018836975098
219 -2.2267398834228516
220 55.752418518066406
221 60.59129524230957
222 1.1578750610351562
223 28.413558959960938
224 41.53105545043945
225 24.691532135009766
226 7.733212232589722
227 -40.69429111480713
228 17.939857482910156
229 22.93594741821289
230 40.18008232116699
231 11.532161712646484
232 48.069589614868164
233 22.10159683227539
234 22.440860748291016
235 6.6669464111328125
236 67.8378324508667
237 75.20990180969238
238 3.92681884765625
239 -1.6582221984863281
240 27.579326629638672
241 64.48552227020264
242 40.03863716125488
243 9.227741241455078
244 45.062416076660156
245 0.8987655639648438
246 59.57178020477295
247 49.96445274353027
248 -2.2440948486328125
249 2.4862899780273438
250 158.7545394897461
251 33.19830322265625
252 11.845901489257812
253 45.53313446044922
254 56.407042503356934
255 38.08322334289551
256 3.561678886413574
257 -9.889381408691406
258 60.79231929779053
259 15.761432647705078
260 2.54608154296875
261 -30.86334991455078
262 -26.087718963623047
263 -4.17767333984375
264 0.015735626220703125
265 5.8336029052734375
266 -1.4176006317138672
267 0.6925649642944336
268 33.58759880065918
269 29.832307815551758
270 -7.462589263916016
271 9.017398834228516
272 67.432785987854
273 36.59575653076172
274 4.296546936035156
275 25.98289680480957
276 14.968307495117188
277 10.648434460163116
278 64.42416858673096
279 60.31046438217163
280 36.13896942138672
281 0.2772026062011719
282 46.39422416687012
283 62.58281707763672
284 67.88821029663086
285 31.154617309570312
286 0.4573183059692383
287 61.85080146789551
288 6.496635437011719
289 26.094444274902344
290 4.734104156494141
291 29.293743133544922
292 27.231403350830078
293 33.67808723449707
294 7.230498790740967
295 -4.716773986816406
296 47.064430236816406
297 74.11949148774147
298 69.52490234375
299 2.0926780700683594
300 78.30120539665222
301 60.177367210388184
302 16.280086517333984
303 63.807146072387695
304 2.4672317504882812
305 52.53337478637695
306 59.91014575958252
307 49.988014221191406
308 67.68146204948425
309 155.42889881134033
310 2.539271354675293
311 58.565635681152344
312 56.609989166259766
313 40.55138111114502
314 4.694972991943359
315 5.293567657470703
