0 -57.180641174316406
1 50.961570739746094
2 31.50769805908203
3 56.83025074005127
4 37.90262222290039
5 21.48870086669922
6 12.245933532714844
7 -10.961036682128906
8 -14.093696594238281
9 12.837646484375
10 39.18797302246094
11 17.62429428100586
12 13.222301483154297
13 28.388427734375
14 8.96835708618164
15 43.06135177612305
16 -9.101615905761719
17 2.8944091796875
18 162.7996654510498
19 43.446027755737305
20 -14.946525573730469
21 0.4558258056640625
22 13.290363311767578
23 20.792335510253906
24 -23.69347381591797
25 8.294059753417969
26 -20.509361267089844
27 39.18797302246094
28 33.89934158325195
29 -15.985519409179688
30 -11.884452819824219
31 39.24125671386719
32 15.479736328125
33 52.593509674072266
34 -12.580558776855469
35 13.320377349853516
36 2.4873046875
37 33.779144287109375
38 -33.0045166015625
39 -34.637123107910156
40 -9.33526611328125
41 -16.712974548339844
42 -7.401863098144531
43 40.14516258239746
44 8.798137664794922
45 13.350151062011719
46 13.142250061035156
47 41.989702224731445
48 33.60813903808594
49 8.15627670288086
50 50.510549545288086
51 33.6734504699707
52 -12.167915344238281
53 8.54617691040039
54 11.627799987792969
55 13.902957916259766
56 31.300006866455078
57 32.14749526977539
58 28.898223876953125
59 -15.713905334472656
60 43.4842529296875
61 17.082317352294922
62 10.31045150756836
63 -5.556541442871094
64 -8.184478759765625
65 3.1352386474609375
66 3.0828857421875
67 2.9681472778320312
68 38.63261413574219
69 33.672611236572266
70 -14.174270629882812
71 52.607831954956055
72 -14.174270629882812
73 8.139171600341797
74 10.750621795654297
75 32.74299240112305
76 13.09084701538086
77 34.93585968017578
78 -0.04097747802734375
79 -11.645156860351562
80 -1.2355880737304688
81 19.759746551513672
82 -8.625526428222656
83 33.67290496826172
84 43.30596160888672
85 11.303985595703125
86 -14.101470947265625
87 2.7458267211914062
88 42.964826583862305
89 52.592824935913086
90 34.257720947265625
91 43.45628356933594
92 35.0584831237793
93 16.369701385498047
94 13.00448989868164
95 20.716114044189453
96 29.89645767211914
97 60.42751979827881
98 10.736637115478516
99 21.360610961914062
100 -8.625526428222656
101 31.300006866455078
102 65.7856707572937
103 15.866252899169922
104 42.18318176269531
105 14.40731430053711
106 -2.0546646118164062
107 3.4072189331054688
108 55.05441093444824
109 19.451183319091797
110 26.107242584228516
111 43.4842529296875
112 42.709733963012695
113 43.4842529296875
114 2.9248886108398438
115 42.682518005371094
116 42.49630928039551
117 42.709733963012695
118 2.7766036987304688
119 42.709733963012695
120 -23.726394653320312
121 43.4842529296875
122 0.24114227294921875
123 43.45628356933594
124 43.4842529296875
125 43.4842529296875
126 3.1446685791015625
127 43.45628356933594
128 43.298152923583984
129 -8.026741027832031
130 43.4842529296875
131 34.49143600463867
132 8.116744995117188
133 38.70884323120117
134 43.47292709350586
135 23.132858276367188
136 39.540056228637695
137 37.743934631347656
138 38.297237396240234
139 40.13966751098633
140 45.225311279296875
141 43.47292709350586
142 42.682518005371094
143 16.805683135986328
144 29.371116638183594
145 43.204124450683594
146 42.682518005371094
147 21.16115951538086
148 29.555999755859375
149 38.70884323120117
150 27.643112182617188
151 -45.02234649658203
152 3.3833465576171875
153 38.63261413574219
154 63.1602840423584
155 -31.241050720214844
156 32.48149490356445
157 39.234466552734375
158 21.499725341796875
159 38.37501907348633
160 6.963249206542969
161 34.26876449584961
162 32.24440002441406
163 38.70884323120117
164 34.412899017333984
165 34.4178581237793
166 59.87532615661621
167 18.133808135986328
168 34.42641830444336
169 23.512653350830078
170 43.45628356933594
171 42.709733963012695
172 1.5622482299804688
173 43.46636390686035
174 13.69015884399414
175 34.87158966064453
176 38.70884323120117
177 46.5107307434082
178 39.68601417541504
179 29.04254150390625
180 38.42826461791992
181 34.4178581237793
182 38.14812088012695
183 40.70279121398926
184 23.036720275878906
185 37.91633224487305
186 18.123218536376953
187 30.50320053100586
188 9.298908233642578
189 39.13085174560547
190 23.163440704345703
191 37.915592193603516
192 23.641456604003906
193 38.59505081176758
194 22.894386291503906
195 39.15702819824219
196 -29.185707092285156
197 37.82066345214844
198 37.7911491394043
199 28.345050811767578
200 15.136837005615234
201 35.556121826171875
202 22.679676055908203
203 21.86927032470703
204 46.40573692321777
205 38.62800979614258
206 39.14853286743164
207 34.42641830444336
208 38.45735549926758
209 44.5022087097168
210 42.05629348754883
211 38.47307586669922
212 11.86029052734375
213 43.44309616088867
214 19.802772521972656
215 43.10930824279785
216 3.0242691040039062
217 14.497489929199219
218 34.4178581237793
219 35.989723205566406
220 50.4799861907959
221 11.821884155273438
222 20.130733489990234
223 14.26205825805664
224 26.397899627685547
225 12.57242202758789
226 14.382427215576172
227 38.63261413574219
228 43.4842529296875
229 13.436325073242188
230 38.63261413574219
231 4.752357482910156
232 11.063350677490234
233 -8.838333129882812
234 34.412899017333984
235 25.79967498779297
236 37.91633224487305
237 -40.49427795410156
238 31.547714233398438
239 38.63261413574219
240 38.63261413574219
241 38.63261413574219
242 38.63261413574219
243 38.63261413574219
244 34.42641830444336
245 43.534637451171875
246 38.63261413574219
247 -29.3892822265625
248 34.405277252197266
249 38.723175048828125
250 34.42641830444336
251 38.63261413574219
252 38.63261413574219
253 34.42641830444336
254 -25.54405975341797
255 -7.52960205078125
256 37.91633224487305
257 43.36578559875488
258 32.23308563232422
259 38.695735931396484
260 38.63261413574219
261 38.723175048828125
262 57.83571243286133
263 1.0675201416015625
264 8.143054962158203
265 38.63261413574219
266 31.89630126953125
267 38.63261413574219
268 34.368167877197266
269 38.63261413574219
270 38.63261413574219
271 38.695735931396484
272 19.517635345458984
273 8.100940704345703
274 18.903060913085938
275 38.63261413574219
276 27.419727325439453
277 11.297191619873047
278 34.405277252197266
279 6.7588348388671875
280 13.150947570800781
281 1.0134429931640625
282 34.4178581237793
283 9.308982849121094
284 38.63261413574219
285 38.63261413574219
286 38.723175048828125
287 38.63261413574219
288 38.63261413574219
289 38.63261413574219
290 34.42641830444336
291 34.412899017333984
292 38.63261413574219
293 10.383182525634766
294 38.63261413574219
295 19.22018814086914
296 34.405277252197266
297 38.63261413574219
298 37.87104415893555
299 34.405277252197266
300 30.463695526123047
301 25.761394500732422
302 8.919876098632812
303 38.00495910644531
304 38.00495910644531
305 37.91633224487305
306 34.42641830444336
307 38.00495910644531
308 37.99093246459961
309 15.596172332763672
310 43.4842529296875
311 38.70884323120117
312 19.691009521484375
313 13.656543731689453
314 0.6856689453125
315 37.91633224487305
316 -8.020713806152344
317 8.155532836914062
318 -3.8761062622070312
319 11.773338317871094
320 32.20060348510742
321 39.03601837158203
322 14.654315948486328
323 10.590656280517578
324 34.42641830444336
325 38.63261413574219
326 38.695735931396484
327 33.66023635864258
328 12.473552703857422
329 38.63261413574219
330 34.42641830444336
331 12.328010559082031
332 43.4842529296875
333 38.723175048828125
334 -39.856773376464844
335 34.42641830444336
336 34.42641830444336
337 38.723175048828125
338 42.04777908325195
339 38.695735931396484
340 -8.026741027832031
341 11.029888153076172
342 -22.502243041992188
343 9.561553955078125
344 -4.9206085205078125
345 21.079750061035156
346 38.63261413574219
347 38.695735931396484
348 53.675785064697266
349 38.695735931396484
350 38.723175048828125
351 64.76027393341064
352 66.45472860336304
353 19.957904815673828
354 38.695735931396484
355 -25.829147338867188
356 38.63261413574219
357 -28.65618133544922
358 38.63261413574219
359 15.391712188720703
360 -26.057106018066406
361 -8.625526428222656
362 -11.631759643554688
363 38.63261413574219
364 -8.599655151367188
365 -27.362289428710938
366 -8.026741027832031
367 48.967281341552734
368 38.03030014038086
369 36.5231819152832
370 13.290611267089844
371 -63.18567657470703
372 29.324176788330078
373 -8.625526428222656
374 -8.026741027832031
375 -8.588417053222656
376 -31.374313354492188
377 -5.262718200683594
378 -1.1022567749023438
379 28.725788116455078
380 38.49068832397461
381 -19.29540252685547
382 -8.026741027832031
383 34.09037780761719
384 20.076034545898438
385 -15.701553344726562
386 17.278785705566406
387 -2.5010528564453125
388 29.685562133789062
389 12.460773468017578
390 31.308345794677734
391 16.335155487060547
392 8.82876968383789
393 12.0477294921875
394 40.82059097290039
395 16.786762237548828
396 -2.7571258544921875
397 38.591712951660156
398 22.894039154052734
399 9.009315490722656
400 2.466094970703125
401 24.823806762695312
402 31.886394500732422
403 37.99093246459961
404 38.695735931396484
