0 -66.88169479370117
1 -49.465599060058594
2 -49.26406478881836
3 -6.7067718505859375
4 -67.13958740234375
5 -39.09790802001953
6 -77.06062316894531
7 -75.40242767333984
8 -115.69003295898438
9 -11.451919555664062
10 -124.80564212799072
11 -35.140869140625
12 -8.061111450195312
13 0.794677734375
14 -102.49553298950195
15 -78.15614318847656
16 -30.45966339111328
17 -52.01807403564453
18 -85.08107376098633
19 -104.10242462158203
20 -12.055763244628906
21 28.058074951171875
22 -7.5269775390625
23 -43.541019439697266
24 -74.1321907043457
25 -61.50212860107422
26 -22.80077362060547
27 -16.168216705322266
28 8.068679809570312
29 -13.987529754638672
30 -209.47608947753906
31 -191.85078048706055
32 41.396780014038086
33 -44.77435302734375
34 -138.60952758789062
35 -23.012191772460938
36 -22.894168853759766
37 2.8012237548828125
38 10.615665435791016
39 -24.316375732421875
40 -43.293701171875
41 -91.85207748413086
42 -21.224876403808594
43 -10.927963256835938
44 -196.97900390625
45 -15.429710388183594
46 -137.42890167236328
47 -24.643306732177734
48 -19.74755096435547
49 -26.300521850585938
50 -19.006683349609375
51 -67.22373962402344
52 -34.23895263671875
53 -27.198348999023438
54 -28.44537353515625
55 -40.302032470703125
56 1.6925201416015625
57 -131.70912170410156
58 -47.528472900390625
59 -62.21720886230469
60 -3.3824119567871094
61 -73.61974334716797
62 -79.93602752685547
63 -10.221942901611328
64 -59.2444953918457
65 -55.853431701660156
66 -0.7992734909057617
67 -28.21039581298828
68 -42.875282287597656
69 -36.366783142089844
70 -1.9036865234375
71 -45.22948455810547
72 37.090171813964844
73 -17.481979370117188
74 -19.612213134765625
75 -3.6549148559570312
76 -9.816398620605469
77 2.995098114013672
78 -27.572078704833984
79 -6.196205139160156
80 -0.1363372802734375
81 -14.62451171875
82 4.6816558837890625
83 -55.802330017089844
84 -78.95328521728516
85 -56.84183120727539
86 -10.12624740600586
87 -54.08563995361328
88 -120.99193572998047
89 -9.075057983398438
90 -3.5518875122070312
91 -21.03524398803711
92 -26.4515380859375
93 -74.33060073852539
94 -2.8305206298828125
95 -16.798004150390625
96 -23.356956481933594
97 -40.5412712097168
98 -46.08000564575195
99 16.659019470214844
100 -0.3245201110839844
101 -31.03368377685547
102 -66.82040405273438
103 -10.806442260742188
104 -121.90409088134766
105 -91.8823471069336
106 39.228158950805664
107 3.0570220947265625
108 -74.42523574829102
109 -55.79073905944824
110 -10.987953186035156
111 -107.66586303710938
112 -53.02400207519531
113 -9.846763610839844
114 46.80753517150879
115 37.13593292236328
116 0.24398040771484375
117 -17.250442504882812
118 -2.3060760498046875
119 -74.45706939697266
120 -49.01551818847656
121 -0.0756683349609375
122 -64.30180358886719
123 15.738033294677734
124 -2.8442001342773438
125 -43.52544021606445
126 -28.15240478515625
127 10.738174438476562
128 46.7891960144043
129 -38.820770263671875
130 -16.030879974365234
131 -1.1731853485107422
132 12.419193267822266
133 -23.335384368896484
134 31.94049835205078
135 44.95183181762695
136 -9.338443756103516
137 -25.873703002929688
138 -29.42455291748047
139 7.570148468017578
140 -41.193177223205566
141 -48.03835678100586
142 -22.976593017578125
143 0.8046646118164062
144 -5.2825927734375
145 -18.871002197265625
146 -79.55841064453125
147 -60.524024963378906
148 -20.580551147460938
149 -60.01544952392578
150 -43.76584243774414
151 -4.939605712890625
152 -23.57750701904297
153 -18.640575408935547
154 -21.818721771240234
155 -27.995025634765625
156 -30.658733367919922
157 -11.549156188964844
158 -15.159347534179688
159 1.7453651428222656
160 -12.759979248046875
161 0.9696731567382812
162 -20.573707580566406
163 -1.2311210632324219
164 -24.347434997558594
165 -1.3969650268554688
166 -15.927417755126953
167 -18.295001983642578
168 -3.4669723510742188
169 -12.813682556152344
170 -19.531387329101562
171 -3.7951812744140625
172 -10.102149963378906
173 -13.811664581298828
174 -10.643058776855469
175 -31.247169494628906
176 -44.264442443847656
177 -34.61993408203125
178 -5.671669006347656
179 -7.6097869873046875
180 -13.894828796386719
181 -23.661144256591797
182 -41.07792282104492
183 -10.666946411132812
184 -27.108978271484375
185 -8.817081451416016
186 -23.574180603027344
187 -38.966636657714844
188 -13.896430969238281
189 -17.460914611816406
190 -2.7146759033203125
191 -19.37206268310547
192 -8.501633644104004
193 -10.607894897460938
194 -6.6202239990234375
195 -15.912345886230469
196 -15.225616455078125
197 -6.592437744140625
198 -6.802021026611328
199 2.2788925170898438
200 -9.72802734375
201 -50.81067657470703
202 -20.709686279296875
203 -20.834747314453125
